                       [38;2;78;22;33m.[38;2;145;42;61m:[38;2;211;61;88m=[38;2;211;61;88m=[38;2;145;42;61m:[38;2;78;22;33m.
                   .[38;2;116;34;49m:[38;2;183;53;77m-[38;2;235;68;98m=[38;2;255;74;106m++++++[38;2;235;68;98m=[38;2;183;53;77m-[38;2;116;34;49m:[38;2;51;15;21m. 
                .[38;2;155;45;65m-[38;2;215;63;90m=[38;2;254;74;106m+++++[38;2;229;67;96m=[38;2;173;50;71m-[38;2;173;50;71m-[38;2;229;67;96m=[38;2;255;74;106m+++++[38;2;215;63;90m=[38;2;155;45;65m-[38;2;87;25;36m.
            .[38;2;126;37;53m:[38;2;191;56;80m-[38;2;240;70;100m=[38;2;255;74;106m++++[38;2;245;71;102m=[38;2;200;58;84m=[38;2;137;40;58m:[38;2;71;21;30m.    [38;2;71;21;30m.[38;2;137;40;58m:[38;2;200;58;84m=[38;2;245;71;102m=[38;2;255;74;106m++++[38;2;240;70;100m=[38;2;192;56;80m-[38;2;126;37;53m:[38;2;60;17;25m. 
         .[38;2;165;48;69m-[38;2;222;65;93m=[38;2;255;74;106m+++++[38;2;222;65;93m=[38;2;165;48;69m-[38;2;99;29;42m:            [38;2;99;29;41m:[38;2;165;48;69m-[38;2;222;64;93m=[38;2;255;74;106m+++++[38;2;222;65;93m=[38;2;165;48;69m-[38;2;97;28;41m. 
     [38;2;68;20;29m.[38;2;136;40;57m:[38;2;200;58;84m=[38;2;245;71;102m=[38;2;255;74;106m++++[38;2;240;70;100m=[38;2;192;56;80m-[38;2;128;37;54m:[38;2;63;18;26m.     [38;2;52;15;22m.[38;2;117;34;49m:[38;2;184;54;77m-[38;2;239;69;100m=[38;2;239;69;100m=[38;2;184;54;77m-[38;2;117;34;49m:[38;2;52;15;22m.     [38;2;62;18;26m.[38;2;127;37;54m:[38;2;191;56;80m-[38;2;240;70;100m=[38;2;255;74;106m++++[38;2;246;71;103m=[38;2;200;58;84m=[38;2;136;40;57m:[38;2;69;20;29m.    
  [38;2;107;31;45m:[38;2;176;51;74m-[38;2;232;68;97m=[38;2;255;74;106m+++++[38;2;215;63;90m=[38;2;156;45;65m-[38;2;90;26;38m.      [38;2;86;25;36m.[38;2;154;45;65m-[38;2;216;63;90m=[38;2;255;74;106m++++++++[38;2;216;63;90m=[38;2;155;45;65m-[38;2;86;25;36m.      [38;2;89;26;37m.[38;2;156;45;65m-[38;2;214;62;90m=[38;2;255;74;106m+++++[38;2;232;68;97m=[38;2;176;51;74m-[38;2;107;31;45m: 
 [38;2;255;74;106m+++++[38;2;234;68;98m=[38;2;182;53;76m-[38;2;116;34;49m:[38;2;51;15;21m.     [38;2;57;16;24m.[38;2;123;36;52m:[38;2;190;55;79m-[38;2;241;70;101m=[38;2;255;74;106m++++++++++++++[38;2;241;70;101m=[38;2;190;55;80m-[38;2;123;36;52m:[38;2;58;17;24m.      [38;2;115;34;48m:[38;2;182;53;76m-[38;2;234;68;98m=[38;2;255;74;106m+++++
 [38;2;255;74;106m++++[38;2;168;48;70m-      [38;2;112;33;47m:[38;2;173;51;73m-[38;2;224;65;94m=[38;2;255;74;106m++++++++++++++++++++++[38;2;224;65;94m=[38;2;173;51;73m-[38;2;110;32;47m:      [38;2;168;48;70m-[38;2;255;74;106m++++
 [38;2;255;74;106m++++[38;2;138;39;57m:      [38;2;128;38;54m:[38;2;206;60;87m=[38;2;255;74;106m++++++++++++++++++++++++[38;2;206;60;87m=[38;2;137;40;58m:      [38;2;138;39;57m:[38;2;255;74;106m++++
 [38;2;255;74;106m++++[38;2;145;41;60m:    [38;2;170;51;73m-[38;2;87;25;37m.   [38;2;70;20;29m.[38;2;149;44;63m-[38;2;218;64;91m=[38;2;255;74;106m++++++++++++++++[38;2;216;63;91m=[38;2;154;45;65m-[38;2;84;24;35m.         [38;2;145;41;60m:[38;2;255;74;106m++++   [38;2;250;250;250mHostname   : [38;2;255;74;106m@@HOSTNAME@@
 [38;2;255;74;106m++++[38;2;144;41;60m:   [38;2;63;17;25m.[38;2;255;74;106m+++[38;2;202;59;85m=[38;2;129;37;54m:[38;2;51;15;21m.   [38;2;106;31;44m:[38;2;184;53;77m-[38;2;241;70;101m=[38;2;255;74;106m++++++++[38;2;238;69;99m=[38;2;184;54;77m-[38;2;115;34;48m:             [38;2;144;41;60m:[38;2;255;74;106m++++   [38;2;250;250;250mIP Address : [38;2;255;74;106m@@IPADDR@@
 [38;2;255;74;106m++++[38;2;144;41;60m:   [38;2;60;16;24m.[38;2;255;74;106m++++++[38;2;233;68;98m=[38;2;171;50;72m-[38;2;92;27;39m.   [38;2;64;18;26m.[38;2;142;41;60m:[38;2;212;62;89m=[38;2;255;74;106m++[38;2;212;62;89m=[38;2;148;43;62m:[38;2;78;23;33m.                [38;2;144;41;60m:[38;2;255;74;106m++++   [38;2;250;250;250mVersion    : [38;2;255;74;106m@@VERSION@@
 [38;2;255;74;106m++++[38;2;144;41;60m:   [38;2;60;16;24m.[38;2;255;74;106m++++++++++[38;2;208;61;87m=[38;2;136;40;57m:[38;2;58;16;24m.                       [38;2;144;41;60m:[38;2;255;74;106m++++   [38;2;250;250;250mDistro     : [38;2;255;74;106m@@DISTRO@@
 [38;2;255;74;106m++++[38;2;144;41;60m:   [38;2;61;17;25m.[38;2;255;74;106m+++++++++++++[38;2;238;72;103m=[38;2;136;39;56m:                     [38;2;144;41;60m:[38;2;255;74;106m++++   [38;2;250;250;250mTime Zone  : [38;2;255;74;106m@@TZ@@
 [38;2;255;74;106m++++[38;2;144;41;60m:   [38;2;61;17;25m.[38;2;255;74;106m++++++++++++++[38;2;194;55;80m-  [38;2;150;43;62m-[38;2;153;46;67m-[38;2;77;22;32m.                [38;2;144;41;60m:[38;2;255;74;106m++++
 [38;2;255;74;106m++++[38;2;144;41;60m:   [38;2;60;16;24m.[38;2;255;74;106m++++++++++++++[38;2;182;52;75m-  [38;2;191;55;79m-[38;2;255;74;106m++[38;2;238;69;99m=[38;2;184;54;77m-[38;2;115;34;48m:             [38;2;144;41;60m:[38;2;255;74;106m++++   [38;2;250;250;250mUse this web terminal or log in with any
 [38;2;255;74;106m++++[38;2;145;41;60m:   [38;2;65;18;26m.[38;2;255;74;106m++++++++++++++[38;2;184;53;76m-  [38;2;182;52;75m-[38;2;255;74;106m++++++[38;2;216;63;91m=[38;2;154;45;65m-[38;2;84;24;35m.         [38;2;145;41;60m:[38;2;255;74;106m++++   [38;2;250;250;250mssh client using the hostname or IP above.
 [38;2;255;74;106m++++[38;2;138;39;57m:    [38;2;196;57;83m-[38;2;244;71;102m=[38;2;255;74;106m++++++++++++[38;2;184;53;76m-  [38;2;183;52;75m-[38;2;255;74;106m++++++++++[38;2;206;60;87m=[38;2;137;40;58m:      [38;2;138;39;57m:[38;2;255;74;106m++++
 [38;2;255;74;106m++++[38;2;168;48;70m-      [38;2;92;27;39m.[38;2;160;47;67m-[38;2;220;64;92m=[38;2;255;74;106m+++++++++[38;2;183;52;75m-  [38;2;183;52;75m-[38;2;255;74;106m+++++++++[38;2;224;65;94m=[38;2;173;51;73m-[38;2;110;32;47m:      [38;2;168;48;70m-[38;2;255;74;106m++++
 [38;2;255;74;106m+++++[38;2;234;68;98m=[38;2;182;53;76m-[38;2;116;34;49m:[38;2;51;15;22m.     [38;2;57;16;24m.[38;2;123;36;52m:[38;2;190;55;79m-[38;2;241;70;101m=[38;2;255;74;106m+++++[38;2;181;52;75m-  [38;2;181;52;75m-[38;2;255;74;106m+++++[38;2;241;70;101m=[38;2;190;55;80m-[38;2;123;36;52m:[38;2;58;17;24m.      [38;2;115;34;48m:[38;2;182;53;76m-[38;2;234;68;98m=[38;2;255;74;106m+++++
  [38;2;107;31;45m:[38;2;176;51;74m-[38;2;232;68;97m=[38;2;255;74;106m+++++[38;2;215;63;90m=[38;2;156;45;66m-[38;2;90;26;38m.      [38;2;86;25;36m.[38;2;154;45;65m-[38;2;216;63;90m=[38;2;255;74;106m++[38;2;195;56;80m-  [38;2;195;56;80m-[38;2;255;74;106m++[38;2;216;63;90m=[38;2;154;45;65m-[38;2;86;25;36m.      [38;2;89;26;37m.[38;2;156;45;65m-[38;2;214;62;90m=[38;2;255;74;106m+++++[38;2;232;68;97m=[38;2;176;51;74m-[38;2;107;31;45m: 
     [38;2;68;20;29m.[38;2;136;40;57m:[38;2;200;58;84m=[38;2;245;71;102m=[38;2;255;74;106m++++[38;2;240;70;100m=[38;2;192;56;80m-[38;2;128;37;54m:[38;2;63;18;26m.     [38;2;51;15;21m.[38;2;122;37;53m:[38;2;129;37;53m:  [38;2;129;37;53m:[38;2;122;37;53m:[38;2;51;15;21m.     [38;2;62;18;26m.[38;2;127;37;54m:[38;2;191;56;80m-[38;2;240;70;100m=[38;2;255;74;106m++++[38;2;246;71;103m=[38;2;200;58;84m=[38;2;136;40;57m:[38;2;69;20;29m.    
         [38;2;96;28;40m.[38;2;164;48;69m-[38;2;222;64;93m=[38;2;255;74;106m+++++[38;2;222;65;93m=[38;2;165;48;69m-[38;2;99;29;42m:            [38;2;99;29;41m:[38;2;165;48;69m-[38;2;222;64;93m=[38;2;255;74;106m+++++[38;2;222;65;93m=[38;2;165;48;69m-[38;2;97;28;41m.        
            [38;2;59;17;25m.[38;2;126;37;53m:[38;2;191;56;80m-[38;2;240;70;100m=[38;2;255;74;106m++++[38;2;245;71;102m=[38;2;200;58;84m=[38;2;137;40;58m:[38;2;72;21;30m.    [38;2;71;21;30m.[38;2;137;40;58m:[38;2;200;58;84m=[38;2;245;71;102m=[38;2;255;74;106m++++[38;2;240;70;100m=[38;2;192;56;80m-[38;2;126;37;53m:[38;2;60;17;25m. 
                [38;2;87;25;36m.[38;2;155;45;65m-[38;2;215;63;90m=[38;2;255;74;106m+++++[38;2;229;67;96m=[38;2;172;49;71m-[38;2;171;49;71m-[38;2;229;67;96m=[38;2;255;74;106m+++++[38;2;215;63;90m=[38;2;155;45;65m-[38;2;87;25;36m. 
                   [38;2;51;15;21m.[38;2;116;34;49m:[38;2;183;53;77m-[38;2;235;68;98m=[38;2;255;74;106m++++++[38;2;235;68;98m=[38;2;183;53;77m-[38;2;116;34;49m:[38;2;51;15;21m. 
                       [38;2;77;22;32m.[38;2;145;42;61m:[38;2;211;61;88m=[38;2;211;61;88m=[38;2;145;42;61m:[38;2;78;22;33m.[38;2;0;0;0m @@PASSWORD@@[0m
